Vl INTRODUZIONE.

16 66611161616 all‘ 61661661 66666161116116. 71113, 6661616 666

personale 61666616, quale si 6613616 66116 61166616666 ordinarie
6616616166116 6 666166616 16 6166116 66611161616. 8166661611
3616166 16116 Gallie affidalogli per un quinquennio, 1161 115136
661 1166616161616311 perun 6666616 quinquennio stava 661 1666·
1616 prima 6116 6166661616636 16 61611661 161 11113, cesare 66116
666 16616616 6111616 61 61166616 666 6161663611666 161661616
6166666616161166 6 quelle 6166166116 6636116 11 6166661616
1161166616 11 consolato per 16. ⁷⁰⁰l4⁸ 6 6661 6616116 61633116 6116
611666616 11 61666661 16 6611611 Ρ6111666 611 61116 6666161661
6636666 1616611116 666616116. 0116 61666616 616161 11 066616,
6666616616 16666616166611616661 66661611, 16 666161616 6 di·
16666 16336 (616611666616 privilegium, 6616111 6666616616 66
6616 6111611661. Μ6 661116 Ρ6111666666116666666666661616336
(16 1616 magistratuum, nella quale 66616666616616 61 6661666616
16116666111666 661166 6161161616 16 6661116161611 6666611; 6
6616 16 6636116 6116 11161661616616 161066611661 61616111 6116-
661116 666 clausola 616 661161611 111116 66666666 6 066616 661
6166616616 611111631661;6166661611 661 161616 163616 661616
166116 6661661616, 6 111666616161116661611666661666 6336116
11 666116161616. 0661 11166116 6616616 6111 66616 11 66611116 116
066616 6Ρ616666, 666116331616 quesl'ullimo dal 866616, 11 611616
666166616 661 16 6111 161 1111661 16116 61616. Ν611’6. ⁷⁰³l51 il 666-
6616 Μ. 0166116 Μ6166116, 61616161616 6 066616, 616666616 86-
11616 61616 61116116166666 161 3616166 16116 Gallie, adducendo
il 61616616 611616 36611611 61666 116116 66161, ma l’opposiziono
161 1111661 1616611 6361 1611161611666. L’anno 66366616 61 1116611
16 6161166, 11161 066611661 16616161666 6 616 611666666 3166111111
163116616 66616 6 Ρ661666 11 3616166 16116866366,166166111
eh’egli 666 6616166116661666116616116616 616636616311, 166 si
616 6661661616 11611611116661 163611; 6661 61616111 1616616666
6 666 66 66 1666 66116 6666616 611616. 116 66166 11616111866616
16166 1616611111 quell' 6666 6 1616 6 066616, 16111616616 66
66661666666116 6116 6111113616 066616 6 Ρ661666 6661616 616-
66666 666 1631666 161 616611166116116616111 6111661616 66
166661166366 666116 1111666616 161Ρ61111601161116; 616 61666616
Ρ661666 6661 611616 61616 6616116666 16116 66616316616 06-
6616, 6661666616 1611116 61611611661611 166 1631661 (166 116116,
666 661166111661666 6 Ρ6111666, 161116 661 la deliberata 66666366
a 1166661616116161 6666611 ; 61 egli 1616116 61116161 111666 66116

 

